	1	2	3	4	5	6	7	8	9	10	11	12	13	14	15	16	17	18	19	20	21	22	23	24	25	26	27	28	29	30	31	32	33	34	35	36	37	38	39	40	41	42	43	44	45	46	47	48	49	50
g | boulard | Lisa | Projects | multimodal-ngs-ubds-2026 | pipelines | rna-seq-zone-specific-3t-seq | 3t-seq | results | qc | fastqc-trimmed | zone1_vs_zone5 | RNA_Zone1_mOSN_Rep1_1	0.0	0.0	0.0012780583385153458	0.002936729661855011	0.00011618712168321325	0.0036058072246514454	2.4038714831009634e-05	2.4038714831009634e-05	0.0008493679240290071	0.0	0.0	0.0	0.0	0.0	0.0	0.0	0.0	0.0	0.0	0.0	0.0	0.0	0.0	0.0	0.0	0.0	0.0	0.0	0.0	0.0	0.0	0.0	0.0	0.0	0.0	0.0	0.0	0.0	0.0	0.0	0.0	0.0	0.0	0.0	0.0	0.0	0.0	0.0	0.0	0.0
	1	2	3	4	5	6	7	8	9	10	11	12	13	14	15	16	17	18	19	20	21	22	23	24	25	26	27	28	29	30	31	32	33	34	35	36	37	38	39	40	41	42	43	44	45	46	47	48	49	50
g | boulard | Lisa | Projects | multimodal-ngs-ubds-2026 | pipelines | rna-seq-zone-specific-3t-seq | 3t-seq | results | qc | fastqc-trimmed | zone1_vs_zone5 | RNA_Zone1_mOSN_Rep1_2	0.0	0.0	0.0	0.0	0.0	0.0	0.0	0.0	0.0	0.0	0.0	0.0	0.0	0.0	0.0	0.0	0.0	0.0	0.0	0.0	0.0	0.0	0.0	0.0	0.0	0.0	0.0	0.0	0.0	0.0	0.0	0.0	0.0	0.0	0.00010416776426770844	0.0	0.00033655048890368996	3.205290267480671e-05	0.0012821342406569977	0.0007572623260069606	0.0005609356406486019	0.0007332276283535999	0.0	0.002083598374392576	0.00028849918436872954	9.21606433742528e-05	0.0009015807234508119	0.0020355867037720465	0.0	0.0
	1	2	3	4	5	6	7	8	9	10	11	12	13	14	15	16	17	18	19	20	21	22	23	24	25	26	27	28	29	30	31	32	33	34	35	36	37	38	39	40	41	42	43	44	45	46	47	48	49	50
g | boulard | Lisa | Projects | multimodal-ngs-ubds-2026 | pipelines | rna-seq-zone-specific-3t-seq | 3t-seq | results | qc | fastqc-trimmed | zone1_vs_zone5 | RNA_Zone1_mOSN_Rep2_1	0.0	0.0	0.0	0.0	0.0	0.0	0.0	0.0	0.0	0.0	0.0	0.0	0.0	0.0	0.0	0.0	0.0	0.0	0.0	0.0	0.0	0.0	0.0	0.0	0.0	0.0	0.0	0.0	0.0	0.0	0.0	0.0	0.0	0.0	4.159952429161136e-05	8.914183776773862e-05	5.3485318799985556e-05	7.725670933663674e-05	0.0004902847404401384	0.0005081160092437891	0.0003506320633231998	0.0007309948036966942	3.5658819269930844e-05	0.0003952359741525183	0.0017027951962631939	0.00387215159862804	0.00021693559102066144	0.0	2.080205533816252e-05	0.0
	1	2	3	4	5	6	7	8	9	10	11	12	13	14	15	16	17	18	19	20	21	22	23	24	25	26	27	28	29	30	31	32	33	34	35	36	37	38	39	40	41	42	43	44	45	46	47	48	49	50
g | boulard | Lisa | Projects | multimodal-ngs-ubds-2026 | pipelines | rna-seq-zone-specific-3t-seq | 3t-seq | results | qc | fastqc-trimmed | zone1_vs_zone5 | RNA_Zone1_mOSN_Rep2_2	0.0	0.0	0.0	8.617044317548067e-05	0.0006091358914128806	0.0008290190912399693	0.0015362110041973623	0.0	0.0006774779670348136	0.0	0.0	0.00021394041064257268	0.00022285459441934654	0.0001485697296128977	0.0004219380321006295	8.319904858322272e-05	3.8628129699353406e-05	1.7828367553547727e-05	2.971394592257954e-06	2.971394592257954e-06	0.0	5.942789184515908e-06	8.914183776773863e-06	0.0	0.0	0.0	0.0	0.0	0.0	0.0	0.0	0.0	0.0	0.0	0.0	0.0	0.0	0.0	0.0	0.0	0.0	0.0	0.0	0.0	0.0	0.0	0.0	0.0	0.0	0.0
	1	2	3	4	5	6	7	8	9	10	11	12	13	14	15	16	17	18	19	20	21	22	23	24	25	26	27	28	29	30	31	32	33	34	35	36	37	38	39	40	41	42	43	44	45	46	47	48	49	50	51	52	53	54	55	56	57	58	59	60	61	62	63	64	65	66	67	68	69	70	71	72	73	74	75
g | boulard | Lisa | Projects | multimodal-ngs-ubds-2026 | pipelines | rna-seq-zone-specific-3t-seq | 3t-seq | results | qc | fastqc-trimmed | zone1_vs_zone5 | RNA_Zone1_mOSN_Rep3_1	0.0	0.007182500897192361	0.006024699946579891	7.236255941327941e-05	0.00016333263410425923	0.0	0.00014472511882655882	0.0	6.822755601823487e-05	6.409255262319034e-05	0.00032666526820851845	0.0003411377800911743	7.236255941327941e-05	0.00045691787515242144	0.0015010062324011671	0.0009737932995329886	0.0005168754243805672	0.0011267884251496365	0.0010048058249958226	0.0005913054854913689	0.00030185524783825124	0.00015299512561664787	0.00018814265447452644	0.0003659478004614416	0.0006450605296269479	0.0004383103598747209	0.0011102484115694583	0.0007298280992253609	0.0004858628989177332	0.00040936533610940915	0.0006326555194418142	0.0009448482757676769	0.00040936533610940915	0.0007732456348733286	0.001560963781629313	0.0009737932995329886	0.0005685629668186239	0.0015671662867218796	0.0005292804345657008	0.0011102484115694583	0.0005127404209855227	0.001283918554161329	0.00019021015617204872	0.0011515984455199037	0.0012425685459010092	0.00165606889395459	0.0013252686155117252	0.0005044712068716918	0.0021398684599081377	0.002720837634262276	0.0026526100525113413	0.001560966944385084	0.0016147221642057073	0.0024644671187364956	0.0005747667434255936	0.0012673813443161471	0.001443119466887686	0.0017573804396196747	0.0008600826622138644	0.0008683526878120745	0.0008642177822195172	0.0014121074256072139	0.00028118113194385333	0.0015237608170219424	0.0010523846695465616	0.001538341804827267	0.00014473865378702175	0.001143503578339073	0.0006059687926071808	0.0009001183003755189	0.0001781931824614479	0.0009919709454007288	0.0007619000331512121	0.0004892319132807817	0.0
	1	2	3	4	5	6	7	8	9	10	11	12	13	14	15	16	17	18	19	20	21	22	23	24	25	26	27	28	29	30	31	32	33	34	35	36	37	38	39	40	41	42	43	44	45	46	47	48	49	50	51	52	53	54	55	56	57	58	59	60	61	62	63	64	65	66	67	68	69	70	71	72	73	74	75
g | boulard | Lisa | Projects | multimodal-ngs-ubds-2026 | pipelines | rna-seq-zone-specific-3t-seq | 3t-seq | results | qc | fastqc-trimmed | zone1_vs_zone5 | RNA_Zone1_mOSN_Rep3_2	0.0	0.0009717257978354664	0.0001798726476844374	0.0012012184862604382	0.00123016351002575	0.004017155798285769	0.0032149651396471282	0.005112931697972571	0.0045112887039935904	0.0071576908768220945	0.00814802418993526	0.006533305364170369	0.010447086077580024	0.006713178011854806	0.01023413340273523	0.012764755480502488	0.010232065901037708	0.007273470971883341	0.009493967795022257	0.011365056831279911	0.010848181406899344	0.013002518175717548	0.010949488990077935	0.01024240340952532	0.009963290680359813	0.010077003273723538	0.012923953111211703	0.00888405479425319	0.005110864196275048	0.00721764842605024	0.005282466837169397	0.007333428521111487	0.005470609491643923	0.007440938609382645	0.003324542729615808	0.005789004753062352	0.003527159427378692	0.005890314893670512	0.004077119079540334	0.004600235598223321	0.008150190941275724	0.005319765787231987	0.00901446768307133	0.005375626668847793	0.005729199650657347	0.0059276866883261215	0.007532193978206301	0.011266294956812294	0.00902304378694584	0.011824834074461719	0.013632270364994994	0.006103902312419555	0.009792823068251924	0.006701578284752439	0.013262725620384979	0.00681961109234351	0.003536015684524869	0.0012696685145719999	0.005120132134149861	0.007663665581290896	0.0024194925736777365	0.0008850848804672188	0.004057395478018264	0.0021590147447885333	0.003362658361355486	0.0030526204761343397	0.004703126124916312	0.0036714396209105177	0.004274126502807497	0.004228929091705724	0.002945517258533916	0.005037535267438285	0.0031235481799300395	0.0008970979828220072	0.0
	1	2	3	4	5	6	7	8	9	10	11	12	13	14	15	16	17	18	19	20	21	22	23	24	25	26	27	28	29	30	31	32	33	34	35	36	37	38	39	40	41	42	43	44	45	46	47	48	49	50
g | boulard | Lisa | Projects | multimodal-ngs-ubds-2026 | pipelines | rna-seq-zone-specific-3t-seq | 3t-seq | results | qc | fastqc-trimmed | zone1_vs_zone5 | RNA_Zone5_mOSN_Rep1_1	0.0	0.0	0.0011150102488556332	0.00276522541716197	0.00012742974272635807	0.0035202466428156417	3.1857435681589517e-05	6.371487136317904e-06	0.000920679891197937	0.0	0.0	0.0	0.0	0.0	0.0	0.0	0.0	0.0	0.0	0.0	0.0	0.0	0.0	0.0	0.0	0.0	0.0	0.0	0.0	0.0	0.0	0.0	0.0	0.0	0.0	0.0	0.0	0.0	0.0	0.0	0.0	0.0	0.0	0.0	0.0	0.0	0.0	0.0	0.0	0.0
	1	2	3	4	5	6	7	8	9	10	11	12	13	14	15	16	17	18	19	20	21	22	23	24	25	26	27	28	29	30	31	32	33	34	35	36	37	38	39	40	41	42	43	44	45	46	47	48	49	50
g | boulard | Lisa | Projects | multimodal-ngs-ubds-2026 | pipelines | rna-seq-zone-specific-3t-seq | 3t-seq | results | qc | fastqc-trimmed | zone1_vs_zone5 | RNA_Zone5_mOSN_Rep1_2	0.0	0.0	0.0	0.0	0.0	0.0	0.0	0.0	0.0	0.0	0.0	0.0	0.0	0.0	0.0	0.0	0.0	0.0	0.0	0.0	0.0	0.0	0.0	0.0	0.0	0.0	0.0	0.0	0.0	0.0	0.0	0.0	0.0	0.0	8.60150763402917e-05	0.0	0.00034725411358337986	2.867275901202338e-05	0.00136675557268301	0.0007614347993098406	0.0005256773807044478	0.0006817922380884763	0.0	0.0021092017878766843	0.00029312262319768615	8.284010810889002e-05	0.0008889480812900006	0.002039181210117678	0.0	0.0
	1	2	3	4	5	6	7	8	9	10	11	12	13	14	15	16	17	18	19	20	21	22	23	24	25	26	27	28	29	30	31	32	33	34	35	36	37	38	39	40	41	42	43	44	45	46	47	48	49	50
g | boulard | Lisa | Projects | multimodal-ngs-ubds-2026 | pipelines | rna-seq-zone-specific-3t-seq | 3t-seq | results | qc | fastqc-trimmed | zone1_vs_zone5 | RNA_Zone5_mOSN_Rep2_1	0.0	0.0	0.0	0.0	0.0	0.0	0.0	0.0	0.0	0.0	0.0	0.0	0.0	0.0	0.0	0.0	0.0	0.0	0.0	0.0	0.0	0.0	0.0	0.0	0.0	0.0	0.0	0.0	0.0	0.0	0.0	0.0	0.0	0.0	2.27620380452508e-05	8.129299301875287e-05	1.6258659931332524e-05	0.00010405553521956319	0.00046174802910820554	0.0004487433333162074	0.00034143713230269396	0.0007771926286888725	4.8778425627534444e-05	0.0003544734698233971	0.0018114029081374495	0.0037886632269290245	0.00025691364371450043	0.0	1.6260368830694112e-05	0.0
	1	2	3	4	5	6	7	8	9	10	11	12	13	14	15	16	17	18	19	20	21	22	23	24	25	26	27	28	29	30	31	32	33	34	35	36	37	38	39	40	41	42	43	44	45	46	47	48	49	50
g | boulard | Lisa | Projects | multimodal-ngs-ubds-2026 | pipelines | rna-seq-zone-specific-3t-seq | 3t-seq | results | qc | fastqc-trimmed | zone1_vs_zone5 | RNA_Zone5_mOSN_Rep2_2	0.0	0.0	0.0	5.527923525275194e-05	0.0004942613975540174	0.0006893645807990243	0.0014697773137790516	0.0	0.0004910096778332673	0.0	0.0	0.0002016066226865071	0.000256885857939259	0.0001820963043620064	0.0003934580862107638	6.828611413575241e-05	9.755159162250344e-06	1.9510318324500688e-05	1.9510318324500688e-05	3.2517197207501147e-06	0.0	3.2517197207501147e-06	0.0	0.0	0.0	0.0	0.0	0.0	0.0	0.0	0.0	0.0	0.0	0.0	0.0	0.0	0.0	0.0	0.0	0.0	0.0	0.0	0.0	0.0	0.0	0.0	0.0	0.0	0.0	0.0
	1	2	3	4	5	6	7	8	9	10	11	12	13	14	15	16	17	18	19	20	21	22	23	24	25	26	27	28	29	30	31	32	33	34	35	36	37	38	39	40	41	42	43	44	45	46	47	48	49	50	51	52	53	54	55	56	57	58	59	60	61	62	63	64	65	66	67	68	69	70	71	72	73	74	75
g | boulard | Lisa | Projects | multimodal-ngs-ubds-2026 | pipelines | rna-seq-zone-specific-3t-seq | 3t-seq | results | qc | fastqc-trimmed | zone1_vs_zone5 | RNA_Zone5_mOSN_Rep3_1	0.0	0.007032999508578039	0.005848992857302275	8.485381000809643e-05	0.00012826738722154112	0.0	0.0001223473539651623	0.0	8.682715442688937e-05	5.328029930740939e-05	0.00032954851793842103	0.00031968179584445635	4.144023279465175e-05	0.0004736026605103057	0.0016161690789914182	0.0009787788317212984	0.000497282793535821	0.0012254468840704159	0.001122832974293183	0.0005998967033130539	0.0003117884181692846	0.00018154768652895053	0.00020128113071687993	0.00031573510700687047	0.0006216034919197763	0.0003611220286391081	0.0012885939054717902	0.0007735510121668326	0.0004676826272539269	0.0004124289835277245	0.0006512036582016703	0.0009215518435763032	0.0004144023279465175	0.000793284456354762	0.0016911561669055498	0.0009787788317212984	0.0005308296486553009	0.0016082757013162466	0.0005762165702875386	0.0011346730408059405	0.0005446430595868515	0.00132214076059127	0.00019338775304170814	0.00118795334011335	0.0013004340233086322	0.00165168934371673	0.0013024073678053068	0.0005426707432092897	0.001959535570730916	0.002727168337109896	0.002636394282473821	0.001560919069937719	0.0016516933527295152	0.002427219622290685	0.000609764965600672	0.0013458242930086026	0.0015293460289445015	0.0018292951855891006	0.0008663005247827565	0.0008978741202190299	0.000870247241385312	0.0014879060959966624	0.00027232257769659144	0.0015668491039458352	0.001134704254728515	0.0015492040732186605	0.00015393609867824938	0.00108551559632296	0.000653391527422714	0.0010428187707378733	0.00017602186626689266	0.0010638279434012456	0.0009105014997347909	0.0004801857728620852	0.0
	1	2	3	4	5	6	7	8	9	10	11	12	13	14	15	16	17	18	19	20	21	22	23	24	25	26	27	28	29	30	31	32	33	34	35	36	37	38	39	40	41	42	43	44	45	46	47	48	49	50	51	52	53	54	55	56	57	58	59	60	61	62	63	64	65	66	67	68	69	70	71	72	73	74	75
g | boulard | Lisa | Projects | multimodal-ngs-ubds-2026 | pipelines | rna-seq-zone-specific-3t-seq | 3t-seq | results | qc | fastqc-trimmed | zone1_vs_zone5 | RNA_Zone5_mOSN_Rep3_2	0.0	0.0009314185656702679	0.0002348279858363599	0.0012313669173267946	0.0012451803282583454	0.003964448937355017	0.0033823123338110996	0.005318163208646975	0.004550532229736521	0.007173106962312339	0.008323566758468622	0.006561370192486526	0.01039557839820121	0.006709371023895998	0.010289017799586391	0.012866205610529972	0.010192323923065537	0.007459241903037315	0.009677281029760579	0.011240169809444587	0.010829714170335656	0.012970792864725996	0.01130134348642717	0.010320591310287078	0.009998936170023828	0.010050243124912445	0.012826738722154112	0.00881887620758565	0.005201735887938191	0.007242174016970091	0.005282643009108701	0.007297427660696293	0.0056141648714659155	0.007544095713045412	0.003642793797091768	0.005783872491482108	0.003733569040203592	0.006052249601640813	0.004151921245315892	0.004740017069192192	0.008209211923746131	0.005511638298864907	0.008917702863679818	0.005407089507380993	0.005683383220150467	0.006068197421925832	0.007727902372990958	0.011189326763665828	0.008870634086541275	0.011866496019099435	0.013747524715349667	0.0060943073939046305	0.009546151071620093	0.006948962701043053	0.013418521372493495	0.006905710564756274	0.0034322062006328013	0.0012730265586695408	0.004999442916398281	0.007585030950301349	0.0024711460636607095	0.0009454364169041425	0.004302893545900485	0.002113978287646795	0.0033318924082989384	0.002917542126702656	0.004767273831794353	0.0037747222094665217	0.004432968442438132	0.004419673636836425	0.0027461376750798788	0.005066934684823727	0.002882485783983743	0.0009389100910742789	0.0

