	1	2	3	4	5	6	7	8	9	10	11	12	13	14	15	16	17	18	19	20	21	22	23	24	25	26	27	28	29	30	31	32	33	34	35	36	37	38	39	40	41	42	43	44	45	46	47	48	49	50
g | boulard | Lisa | Projects | multimodal-ngs-ubds-2026 | pipelines | rna-seq-zone-specific-3t-seq | 3t-seq | results | qc | fastqc-markdup | zone1_vs_zone5 | RNA_Zone1_mOSN_Rep1	0.0	0.0	0.000655889514321142	0.001488708352668968	6.0763606231386455e-05	0.001806823702939168	1.0722989334950552e-05	1.0722989334950552e-05	0.00040389926494980406	0.0	0.0	0.0	0.0	0.0	0.0	0.0	0.0	0.0	0.0	0.0	0.0	0.0	0.0	0.0	0.0	0.0	0.0	0.0	0.0	0.0	0.0	0.0	0.0	0.0	5.540211156391118e-05	0.0	0.00015727245526286717	2.3233605702084445e-05	0.0006648431140036155	0.000412846592086317	0.0002788056352623931	0.00034850817145322383	0.0	0.0010437652185973224	0.0001519181326409012	5.1831233215170034e-05	0.0004343121233224806	0.0009937391573406511	0.0	0.0
	1	2	3	4	5	6	7	8	9	10	11	12	13	14	15	16	17	18	19	20	21	22	23	24	25	26	27	28	29	30	31	32	33	34	35	36	37	38	39	40	41	42	43	44	45	46	47	48	49	50
g | boulard | Lisa | Projects | multimodal-ngs-ubds-2026 | pipelines | rna-seq-zone-specific-3t-seq | 3t-seq | results | qc | fastqc-markdup | zone1_vs_zone5 | RNA_Zone1_mOSN_Rep2	0.0	0.0	0.0	3.931653757962785e-05	0.0002806387337580333	0.00038909814777079977	0.0007158321324842588	0.0	0.000317243785987342	0.0	0.0	9.761347261148984e-05	0.00010168070063696858	6.778713375797905e-05	0.00019522694522297967	3.796079490446827e-05	1.7624654777074553e-05	8.134456050957486e-06	1.3557426751595811e-06	1.3557426751595811e-06	0.0	2.7114853503191622e-06	4.067228025478743e-06	0.0	0.0	0.0	0.0	0.0	0.0	0.0	0.0	0.0	0.0	0.0	1.8980397452234134e-05	4.4739508280266176e-05	2.4403414471523044e-05	3.660515495755205e-05	0.00023996754987966172	0.00024674692648232266	0.000176248394834691	0.0003592795390451649	1.7625167089973468e-05	0.00020337174076448254	0.000821624628748708	0.001907633730581675	0.00010439786726817192	0.0	1.084653460540768e-05	0.0
	1	2	3	4	5	6	7	8	9	10	11	12	13	14	15	16	17	18	19	20	21	22	23	24	25	26	27	28	29	30	31	32	33	34	35	36	37	38	39	40	41	42	43	44	45	46	47	48	49	50	51	52	53	54	55	56	57	58	59	60	61	62	63	64	65	66	67	68	69	70	71	72	73	74	75
g | boulard | Lisa | Projects | multimodal-ngs-ubds-2026 | pipelines | rna-seq-zone-specific-3t-seq | 3t-seq | results | qc | fastqc-markdup | zone1_vs_zone5 | RNA_Zone1_mOSN_Rep3	0.0	0.004061162117498938	0.003139085658439703	0.0006000206479948867	0.0006757421035725162	0.0019026213838176519	0.0016045280586955918	0.0024633435548671867	0.002179627721310499	0.0034256769903094654	0.0040822491051281514	0.0032972380656588027	0.005080047019765016	0.003445805478500987	0.005676233670009136	0.006657737094205245	0.0052142369410418275	0.0040487016248089485	0.00508292251807809	0.005797963098595958	0.005384849840950916	0.006377855258399324	0.005402102830829364	0.0050982585090811544	0.005136598486588815	0.0050647110287619515	0.006893527955877356	0.004639137278426919	0.0026981759171016075	0.0036499658587292793	0.0028160713479376633	0.004009403147863596	0.002810320351311514	0.003930806193972893	0.002329153633590375	0.0032128901151419493	0.0019697167409302597	0.003598207613358732	0.0021968821641290665	0.0027355696401075384	0.004151284540764938	0.003209079709552598	0.004461851918524916	0.0031487040926012305	0.00335095582084893	0.0036538459105316915	0.004290320958278268	0.005753992962472656	0.005395531934029428	0.007124762606561953	0.0080354583121851	0.0037009554388861545	0.005668885877965585	0.004494666875018296	0.006862341985325669	0.003949295380042372	0.00248271415065491	0.0014685461616349197	0.0029352029598425605	0.004212047710288112	0.0016229081236722326	0.0011177299277105772	0.00214632768748817	0.0018117910672450187	0.0021933584263251478	0.0022672956768020917	0.002401558372666082	0.002354765363882822	0.0024232410585449575	0.0025214233192857047	0.0015275203543047918	0.0029890839486646902	0.0019339823861488558	0.0006716561233589305	0.0
	1	2	3	4	5	6	7	8	9	10	11	12	13	14	15	16	17	18	19	20	21	22	23	24	25	26	27	28	29	30	31	32	33	34	35	36	37	38	39	40	41	42	43	44	45	46	47	48	49	50
g | boulard | Lisa | Projects | multimodal-ngs-ubds-2026 | pipelines | rna-seq-zone-specific-3t-seq | 3t-seq | results | qc | fastqc-markdup | zone1_vs_zone5 | RNA_Zone5_mOSN_Rep1	0.0	0.0	0.0005665754880454408	0.0013832354184451037	5.934207106710353e-05	0.0017618943481113836	1.554197099376521e-05	2.825812907957311e-06	0.00046767203626693496	0.0	0.0	0.0	0.0	0.0	0.0	0.0	0.0	0.0	0.0	0.0	0.0	0.0	0.0	0.0	0.0	0.0	0.0	0.0	0.0	0.0	0.0	0.0	0.0	0.0	5.369044525118891e-05	0.0	0.00017520254155588814	1.271640297721513e-05	0.0007036463931022307	0.0003956250985353761	0.0002557435262623875	0.0003574769951896737	0.0	0.0010498504012632795	0.00014271205697585293	5.086800672118973e-05	0.0004507495880869399	0.0010329132800487614	0.0	0.0
	1	2	3	4	5	6	7	8	9	10	11	12	13	14	15	16	17	18	19	20	21	22	23	24	25	26	27	28	29	30	31	32	33	34	35	36	37	38	39	40	41	42	43	44	45	46	47	48	49	50
g | boulard | Lisa | Projects | multimodal-ngs-ubds-2026 | pipelines | rna-seq-zone-specific-3t-seq | 3t-seq | results | qc | fastqc-markdup | zone1_vs_zone5 | RNA_Zone5_mOSN_Rep2	0.0	0.0	0.0	2.5233152098939604e-05	0.0002256140658258129	0.00032951528035085836	0.0006798108036067257	0.0	0.00023006697501974345	0.0	0.0	9.79640022664714e-05	0.00012913436662398504	8.905818387861038e-05	0.00018108497388650776	3.117036435751363e-05	4.452909193930518e-06	8.905818387861036e-06	8.905818387861036e-06	1.4843030646435062e-06	0.0	1.4843030646435062e-06	0.0	0.0	0.0	0.0	0.0	0.0	0.0	0.0	0.0	0.0	0.0	0.0	1.4843030646435063e-05	3.8591879680731155e-05	7.4215298640729e-06	5.195073526617776e-05	0.00024045810296605962	0.00022858421910955165	0.00018257105465064138	0.00038295801221636055	2.3749498013540033e-05	0.00018554738742969888	0.0008906299847446958	0.0019118861546607835	0.00012320384381742628	0.0	7.4219208361595385e-06	0.0
	1	2	3	4	5	6	7	8	9	10	11	12	13	14	15	16	17	18	19	20	21	22	23	24	25	26	27	28	29	30	31	32	33	34	35	36	37	38	39	40	41	42	43	44	45	46	47	48	49	50	51	52	53	54	55	56	57	58	59	60	61	62	63	64	65	66	67	68	69	70	71	72	73	74	75
g | boulard | Lisa | Projects | multimodal-ngs-ubds-2026 | pipelines | rna-seq-zone-specific-3t-seq | 3t-seq | results | qc | fastqc-markdup | zone1_vs_zone5 | RNA_Zone5_mOSN_Rep3	0.0	0.0039762701684692555	0.0030445491334234165	0.0006341265551953767	0.0006702828938687972	0.0018773483541968386	0.0016668999214053907	0.0025763709018829704	0.0022361304841100123	0.0034617376565782695	0.004151489348194292	0.0033115497882425225	0.0050711582703489915	0.0034450501156520754	0.005773889160463166	0.006785339557711932	0.005227835737933814	0.004181156087618638	0.005234325337182889	0.005803555899887511	0.005454044626044445	0.006385765661090284	0.005572711583741826	0.005193533570474415	0.005181481457583275	0.005032220674854538	0.0068678501767358915	0.00465582391840816	0.0027302671126467606	0.003713904941685203	0.0028498611559511517	0.0039744159972552335	0.002899923778729734	0.004062489129921258	0.0025847146723460674	0.003264268422284972	0.0020497866381631057	0.0037092701670242358	0.002263944269665021	0.002847092304772118	0.004233096977692988	0.0033013765154741295	0.004462100795065148	0.003176230389697696	0.0033764886970650216	0.0037528908291845405	0.004396317714000824	0.005723018459557566	0.005290086226365849	0.007191639074766382	0.008132750519589305	0.003749322625623933	0.00552295837798621	0.00463291509368599	0.006899813676289243	0.004070188518893815	0.0024616097587148657	0.0015326023886178435	0.00293821205225656	0.004217713689133566	0.0016327663514318083	0.001184941419528111	0.002302217923182841	0.0018340054125597955	0.002220690167509024	0.0022041230267848236	0.0024053904038572596	0.0023786985899825926	0.0024755771651871856	0.0026615980485252197	0.0014534158790535702	0.0030583230535278123	0.001889492236492453	0.0007000878962424999	0.0

